1
2
3
4
5
6
7
9
10
11
12
14
15
16
17
18
19
22
23
24
25
26
27
29
30
31
32
37
38
39
40
41
42
43
44
46
47
50
51
52
53
56
57
62
63
65
67
68
70
72
73
74
76
77
78
79
81
82
84
85
86
87
90
93
95
98
99
100
101
102
108
110
111
112
113
114
115
117
119
120
121
124
128
129
131
133
134
135
136
137
138
140
142
143
145
146
148
149
150
151
152
154
155
157
158
159
161
162
164
165
166
167
168
169
172
173
174
176
179
180
181
182
183
185
188
189
190
192
193
194
195
196
197
198
199
200
201
202
203
205
208
209
210
212
214
215
216
218
220
221
222
224
225
228
229
232
234
235
236
239
240
241
242
243
244
247
252
254
256
257
261
262
263
265
267
272
275
277
278
281
282
283
285
286
287
289
290
291
294
295
296
297
298
303
305
307
308
310
313
317
318
322
324
325
327
331
334
335
336
337
339
341
342
343
345
346
347
349
350
351
352
354
355
356
357
359
361
363
368
369
370
371
372
373
374
375
