1
2
3
4
5
6
8
9
10
11
12
14
15
16
17
18
19
22
23
24
25
26
28
29
30
31
32
36
37
38
39
40
41
43
46
47
49
51
52
53
57
58
60
62
63
64
67
68
69
71
72
73
74
75
76
77
79
82
84
85
87
88
90
93
94
95
97
102
106
108
110
111
112
113
116
117
118
119
123
124
128
129
130
131
132
133
134
135
136
137
138
139
142
143
144
146
147
148
149
150
152
153
155
156
157
158
160
162
163
164
165
167
168
172
173
175
176
177
178
180
181
183
184
186
187
188
189
191
192
194
195
196
197
198
199
202
203
204
205
206
207
208
210
213
214
215
216
217
218
219
220
222
223
226
227
228
232
233
236
237
238
241
243
244
247
248
249
253
254
256
257
258
259
263
268
270
271
272
273
274
275
276
277
278
280
285
287
289
290
298
299
300
301
302
304
311
312
313
314
316
321
324
326
327
328
330
331
332
333
334
335
336
338
339
340
341
342
344
346
348
349
350
351
352
353
354
356
358
360
